,17
,18,13,255,28,27,22,255,33,34,27,255,48,48,40,255,62,58,46,255,75,71,59,255,86,79,65,255,98,91,77,255,109,104,91,255,0,0,0,255,0,0,0,255,0,0,0,255,0,0,0,255,164,156,134,255,172,167,150,255,187,183,169,255
,194,190,174,255,202,197,181,255,203,198,184,255,205,201,187,255,208,204,191,255,210,206,192,255,213,209,197,255,213,209,197,255,212,207,193,255,217,215,202,255,217,215,202,255,91,86,74,255,219,214,201,255,216,212,198,255,156,151,135,255,198,193,178
,255,201,196,177,255,200,195,175,255,200,192,170,255,11,11,7,255,0,0,0,255,0,0,0,255,0,0,0,255,0,0,0,255,0,0,0,255,0,0,0,255,0,0,0,255,0,0,0,255,0,0,0,255,0,0,0,255,0,0,0,255,0,0
,0,255,0,0,0,255,0,0,0,255,0,0,0,255,0,0,0,255,0,0,0,255,0,0,0,255,0,0,0,255,0,0,0,255,0,0,0,255,0,0,0,255,0,0,0,255,22,0,1,255,0,0,0,255,30,0,0,255,22,0,1,255,22
,0,1,255,22,22,18,255,31,32,26,255,47,43,35,255,56,52,41,255,72,66,54,255,75,71,59,255,89,83,70,255,107,102,89,255,115,111,97,255,0,0,0,255,0,0,0,255,0,0,0,255,0,0,0,255,8,8,5,255,174,168,150,255
,199,194,177,255,200,195,179,255,207,202,188,255,212,208,195,255,212,208,195,255,219,216,203,255,221,217,204,255,222,218,205,255,223,218,206,255,219,216,203,255,223,219,206,255,222,217,205,255,219,216,203,255,216,212,198,255,200,195,181,255,208,204,191
,255,208,204,191,255,70,64,52,255,73,68,56,255,116,111,97,255,190,182,161,255,10,10,6,255,0,0,0,255,0,0,0,255,0,0,0,255,0,0,0,255,0,0,0,255,0,0,0,255,0,0,0,255,0,0,0,255,0,0,0,255,0,0
,0,255,0,0,0,255,0,0,0,255,0,0,0,255,0,0,0,255,0,0,0,255,0,0,0,255,0,0,0,255,0,0,0,255,0,0,0,255,0,0,0,255,1,0,0,255,39,0,1,255,48,0,1,255,46,0,1,255,39,0,1,255,30
,0,0,255,22,0,1,255,31,28,21,255,35,36,29,255,51,45,35,255,63,58,46,255,77,72,60,255,88,82,68,255,100,95,82,255,119,113,98,255,124,119,104,255,5,0,0,255,0,0,0,255,0,0,0,255,0,0,0,255,2,2,1,255
,192,188,173,255,196,191,176,255,204,199,185,255,216,213,199,255,221,217,205,255,224,220,207,255,224,220,207,255,223,218,206,255,225,221,208,255,225,221,208,255,227,223,210,255,226,222,209,255,228,223,210,255,229,226,214,255,222,217,205,255,214,210,197
,255,210,205,186,255,75,69,57,255,55,51,41,255,69,63,51,255,200,194,177,255,198,193,173,255,199,194,171,255,9,9,5,255,0,0,0,255,0,0,0,255,0,0,0,255,0,0,0,255,0,0,0,255,0,0,0,255,0,0,0,255,0,0
,0,255,0,0,0,255,0,0,0,255,0,0,0,255,0,0,0,255,0,0,0,255,0,0,0,255,0,0,0,255,0,0,0,255,0,0,0,255,0,0,0,255,0,0,0,255,0,0,0,255,58,0,1,255,58,0,1,255,48,0,1,255,45
,0,1,255,30,0,0,255,22,0,1,255,34,30,23,255,54,48,37,255,60,54,42,255,67,61,49,255,83,77,64,255,99,94,81,255,117,112,97,255,132,124,107,255,133,127,112,255,44,41,32,255,0,0,0,255,0,0,0,255,0,0,0,255
,1,0,0,255,202,197,182,255,214,210,196,255,221,215,202,255,225,221,208,255,224,219,207,255,223,219,206,255,227,223,210,255,228,223,210,255,229,225,213,255,234,231,219,255,226,222,209,255,236,234,221,255,235,232,220,255,232,229,216,255,52,52,44
,255,203,198,183,255,72,66,54,255,60,55,44,255,54,50,40,255,212,207,189,255,219,213,193,255,212,207,191,255,203,197,179,255,192,186,164,255,8,3,1,255,0,0,0,255,0,0,0,255,0,0,0,255,0,0,0,255,0,0,0,255,0,0
,0,255,0,0,0,255,0,0,0,255,0,0,0,255,0,0,0,255,0,0,0,255,0,0,0,255,0,0,0,255,0,0,0,255,0,0,0,255,0,0,0,255,0,0,0,255,0,0,0,255,0,0,0,255,64,1,1,255,66,1,1,255,58
,0,1,255,48,0,1,255,39,0,1,255,30,0,0,255,39,37,30,255,54,50,39,255,66,61,49,255,82,76,63,255,97,92,78,255,111,105,90,255,133,125,109,255,148,142,127,255,153,148,132,255,148,143,127,255,0,0,0,255,0,0,0,255
,0,0,0,255,3,2,1,255,210,205,189,255,217,211,197,255,219,216,203,255,220,214,200,255,229,225,212,255,232,227,213,255,231,227,215,255,236,233,221,255,234,231,219,255,236,233,221,255,236,233,220,255,239,237,224,255,236,234,221,255,236,234,221
,255,57,55,46,255,167,163,148,255,73,67,55,255,43,42,35,255,50,49,40,255,69,64,52,255,92,87,74,255,64,60,48,255,60,54,42,255,62,57,45,255,196,191,170,255,0,0,0,255,0,0,0,255,0,0,0,255,0,0,0,255,0,0
,0,255,0,0,0,255,0,0,0,255,2,2,1,255,0,0,0,255,0,0,0,255,0,0,0,255,0,0,0,255,0,0,0,255,0,0,0,255,0,0,0,255,0,0,0,255,0,0,0,255,0,0,0,255,0,0,0,255,0,0,0,255,35
,0,1,255,48,0,1,255,58,0,1,255,48,0,1,255,30,0,0,255,44,41,33,255,63,58,47,255,75,70,58,255,89,83,70,255,108,102,89,255,130,123,108,255,141,133,116,255,151,145,128,255,167,159,138,255,182,174,152,255,0,0,0,255
,0,0,0,255,0,0,0,255,15,14,10,255,213,209,197,255,221,215,202,255,217,212,198,255,182,177,161,255,230,227,214,255,229,224,210,255,231,227,213,255,232,229,216,255,236,234,221,255,246,243,230,255,242,239,226,255,230,227,215,255,245,242,228
,255,245,242,228,255,220,216,204,255,233,230,217,255,136,131,116,255,4,49,61,255,7,7,4,255,5,5,3,255,7,7,4,255,12,10,5,255,53,51,41,255,45,43,35,255,19,19,14,255,44,37,28,255,0,0,0,255,0,0,0,255,0,0
,0,255,0,0,0,255,0,0,0,255,0,0,0,255,3,0,0,255,0,0,0,255,0,0,0,255,0,0,0,255,0,0,0,255,0,0,0,255,0,0,0,255,0,0,0,255,0,0,0,255,0,0,0,255,0,0,0,255,0,0,0,255,0
,0,0,255,0,0,0,255,1,0,0,255,53,0,1,255,48,0,1,255,39,0,1,255,30,30,24,255,59,53,42,255,79,74,61,255,93,87,74,255,121,115,100,255,129,125,111,255,147,140,124,255,161,155,136,255,159,154,137,255,190,183,161,255
,0,0,0,255,0,0,0,255,0,0,0,255,200,195,179,255,226,222,210,255,225,220,207,255,219,215,202,255,16,15,11,255,16,16,12,255,24,24,20,255,151,149,136,255,238,236,223,255,236,234,221,255,245,242,228,255,245,242,228,255,248,245,233
,255,246,243,230,255,240,237,224,255,192,187,173,255,238,236,223,255,214,210,197,255,25,65,71,255,2,1,1,255,3,2,1,255,1,1,0,255,4,4,3,255,5,5,3,255,45,39,30,255,53,48,37,255,26,22,15,255,1,0,0,255,0,0
,0,255,0,0,0,255,0,0,0,255,0,0,0,255,0,0,0,255,2,2,1,255,19,0,1,255,0,0,0,255,0,0,0,255,0,0,0,255,0,0,0,255,0,0,0,255,0,0,0,255,0,0,0,255,0,0,0,255,0,0,0,255,0
,0,0,255,0,0,0,255,0,0,0,255,0,0,0,255,58,0,1,255,54,0,1,255,39,0,1,255,53,44,33,255,8,7,5,255,80,75,62,255,100,95,82,255,129,120,103,255,139,133,118,255,164,156,134,255,172,166,149,255,179,173,153,255
,196,191,172,255,1,0,0,255,0,0,0,255,2,1,1,255,221,214,200,255,223,219,206,255,228,223,210,255,15,14,10,255,4,4,2,255,2,1,1,255,7,7,5,255,13,13,8,255,240,237,224,255,203,198,185,255,235,233,220,255,247,244,232
,255,250,247,235,255,250,247,235,255,246,243,230,255,249,243,227,255,239,235,223,255,38,38,31,255,14,62,72,255,8,8,5,255,44,43,36,255,27,27,22,255,31,31,25,255,46,40,31,255,48,42,32,255,51,45,34,255,48,42,32,255,10,7
,4,255,0,0,0,255,0,0,0,255,0,0,0,255,0,0,0,255,0,0,0,255,0,0,0,255,86,1,1,255,0,0,0,255,0,0,0,255,0,0,0,255,0,0,0,255,0,0,0,255,0,0,0,255,5,0,0,255,96,1,1,255,112
,1,2,255,82,1,1,255,70,1,1,255,5,0,0,255,0,0,0,255,1,0,0,255,53,0,1,255,34,0,1,255,53,44,33,255,0,0,0,255,0,0,0,255,1,1,1,255,106,100,87,255,150,144,129,255,174,169,152,255,187,180,158,255
,197,192,176,255,207,201,181,255,1,0,0,255,0,0,0,255,12,12,8,255,222,217,203,255,228,224,212,255,17,17,12,255,1,1,1,255,0,0,0,255,0,0,0,255,0,0,0,255,6,6,4,255,214,211,197,255,29,27,20,255,22,22,18
,255,243,240,227,255,252,250,238,255,253,252,241,255,247,244,232,255,250,247,235,255,244,241,227,255,107,102,88,255,7,38,46,255,15,15,10,255,11,11,7,255,44,44,36,255,36,30,22,255,46,43,34,255,46,45,38,255,54,46,35,255,54,49
,39,255,51,45,35,255,0,0,0,255,0,0,0,255,0,0,0,255,0,0,0,255,0,0,0,255,0,0,0,255,159,1,1,255,0,0,0,255,0,0,0,255,0,0,0,255,0,0,0,255,120,1,2,255,0,0,0,255,0,0,0,255,1
,0,0,255,131,1,1,255,124,1,2,255,116,1,1,255,108,1,2,255,68,1,1,255,0,0,2,255,48,0,1,255,26,0,1,255,45,39,29,255,0,0,0,255,0,0,0,255,0,0,0,255,0,0,0,255,65,61,51,255,183,175,153,255
,188,181,160,255,200,195,178,255,211,206,187,255,0,0,0,255,0,0,0,255,22,21,15,255,231,227,214,255,40,34,25,255,6,6,4,255,2,2,1,255,0,0,0,255,0,0,0,255,0,0,0,255,2,2,1,255,10,10,6,255,12,12,8
,255,9,9,5,255,34,35,28,255,251,249,237,255,250,247,235,255,252,249,237,255,234,228,210,255,241,229,211,255,244,229,211,255,234,226,208,255,221,212,192,255,16,13,8,255,6,6,3,255,9,5,1,255,47,45,36,255,12,11,6,255,45,40
,31,255,51,45,35,255,54,46,35,255,0,0,0,255,0,0,0,255,0,0,0,255,0,0,0,255,0,0,0,255,0,0,0,255,170,1,1,255,1,0,1,255,0,0,0,255,0,0,0,255,1,0,0,255,6,0,0,255,1,0,0,255,0
,0,0,255,0,0,0,255,135,1,1,255,137,1,1,255,124,1,2,255,113,1,1,255,98,1,1,255,1,0,0,255,38,0,1,255,8,0,0,255,62,56,44,255,0,0,0,255,0,0,0,255,0,0,0,255,0,0,0,255,0,0,0,255
,15,11,5,255,194,186,168,255,201,196,178,255,215,210,195,255,2,1,1,255,0,0,0,255,168,164,149,255,190,185,170,255,64,61,51,255,30,31,25,255,0,0,0,255,0,0,0,255,0,0,0,255,0,0,0,255,1,0,0,255,4,4,2
,255,9,9,6,255,14,14,10,255,39,40,32,255,253,251,239,255,254,254,243,255,234,227,210,255,244,232,214,255,246,233,215,255,237,229,210,255,238,226,208,255,241,228,210,255,117,105,86,255,5,5,3,255,0,0,0,255,5,5,3,255,10,8
,4,255,45,43,35,255,28,24,17,255,49,43,33,255,0,0,0,255,0,0,0,255,0,0,0,255,0,0,0,255,0,0,0,255,0,0,0,255,175,0,1,255,2,2,1,255,0,0,0,255,0,0,0,255,1,0,0,255,0,0,0,255,0
,0,0,255,0,0,0,255,0,0,0,255,7,0,0,255,138,1,1,255,131,1,1,255,120,1,2,255,99,1,1,255,48,0,1,255,20,0,1,255,0,0,0,255,71,65,53,255,0,0,0,255,0,0,0,255,0,0,0,255,0,0,0,255
,0,0,0,255,0,0,0,255,178,174,161,255,196,190,172,255,214,209,190,255,0,0,0,255,0,0,0,255,221,215,198,255,218,213,199,255,88,85,73,255,3,3,2,255,0,0,0,255,0,0,0,255,1,0,0,255,0,0,0,255,2,2,1
,255,4,4,2,255,24,24,19,255,31,31,24,255,250,248,235,255,254,253,243,255,254,254,244,255,249,235,218,255,245,231,213,255,241,224,206,255,243,228,210,255,244,229,211,255,246,232,214,255,85,67,52,255,10,10,6,255,0,0,0,255,0,0
,0,255,59,57,46,255,4,4,2,255,54,51,41,255,47,44,35,255,0,0,0,255,0,0,0,255,2,0,0,255,0,0,0,255,0,0,0,255,0,0,0,255,180,0,1,255,13,0,0,255,0,0,0,255,0,0,0,255,4,1,1,255,3
,0,0,255,0,0,1,255,0,0,0,255,0,0,0,255,0,0,1,255,122,1,2,255,138,1,1,255,124,1,2,255,108,1,2,255,83,1,1,255,0,0,2,255,0,0,0,255,88,81,68,255,16,16,12,255,0,0,0,255,0,0,0,255
,0,0,0,255,0,0,0,255,0,0,0,255,2,2,1,255,176,172,157,255,200,195,180,255,0,0,0,255,0,0,0,255,218,213,200,255,25,23,16,255,6,6,4,255,0,0,0,255,0,0,0,255,0,0,0,255,0,0,0,255,0,0,0
,255,1,0,0,255,4,4,2,255,22,22,18,255,250,248,235,255,253,251,238,255,254,254,245,255,245,243,231,255,252,239,222,255,163,152,130,255,231,215,195,255,246,232,214,255,246,232,214,255,245,231,213,255,79,62,47,255,108,94,76,255,1,0
,0,255,0,0,0,255,6,6,4,255,1,0,0,255,54,50,40,255,15,11,4,255,0,0,0,255,0,0,0,255,84,1,1,255,0,0,0,255,0,0,0,255,0,0,0,255,175,0,1,255,80,1,1,255,0,0,0,255,0,0,0,255,48
,0,1,255,34,0,0,255,117,1,2,255,142,4,4,255,0,0,0,255,0,0,0,255,0,0,0,255,81,1,1,255,102,1,1,255,116,1,1,255,99,1,1,255,53,0,1,255,0,0,0,255,99,92,78,255,78,72,59,255,0,0,0,255
,0,0,0,255,0,0,0,255,0,0,0,255,0,0,0,255,0,0,0,255,0,0,0,255,1,0,0,255,0,0,0,255,0,0,0,255,3,3,1,255,2,1,1,255,0,0,0,255,0,0,0,255,1,0,0,255,0,0,0,255,0,0,0
,255,0,0,0,255,1,0,0,255,4,4,2,255,30,30,23,255,71,67,56,255,255,255,248,255,254,254,245,255,241,233,216,255,229,214,194,255,229,213,192,255,248,234,217,255,233,225,207,255,243,236,219,255,179,168,147,255,46,39,29,255,68,51
,38,255,3,3,1,255,0,0,0,255,2,2,1,255,1,0,0,255,9,9,5,255,63,58,46,255,1,1,0,255,1,0,0,255,91,1,1,255,0,0,0,255,0,0,0,255,0,0,0,255,162,3,4,255,169,1,1,255,0,0,0,255,0
,0,0,255,109,1,1,255,175,0,1,255,170,1,1,255,173,0,1,255,0,0,0,255,0,0,0,255,0,0,0,255,20,0,1,255,105,1,2,255,99,1,1,255,99,1,1,255,71,1,1,255,5,0,0,255,101,96,83,255,83,80,68,255
,0,0,0,255,0,0,0,255,0,0,0,255,0,0,0,255,0,0,0,255,0,0,0,255,0,0,0,255,0,0,0,255,0,0,0,255,0,0,0,255,0,0,0,255,6,6,4,255,4,4,2,255,10,10,6,255,16,15,11,255,12,12,7
,255,6,6,4,255,4,4,2,255,2,2,1,255,9,9,5,255,35,36,29,255,236,232,220,255,254,254,244,255,255,255,246,255,247,232,215,255,252,239,222,255,247,233,216,255,251,238,221,255,67,62,50,255,89,72,57,255,242,235,218,255,38,27
,17,255,65,48,34,255,4,4,2,255,0,0,0,255,0,0,0,255,1,1,0,255,0,0,0,255,59,55,44,255,6,2,1,255,5,0,0,255,190,0,0,255,0,0,0,255,0,0,0,255,0,0,0,255,142,1,2,255,185,0,1,255,0
,0,0,255,0,0,0,255,1,0,0,255,118,1,2,255,159,1,1,255,180,0,1,255,6,1,0,255,0,0,0,255,0,0,0,255,14,0,0,255,134,1,1,255,113,1,1,255,108,1,2,255,81,1,1,255,53,0,1,255,111,107,93,255
,79,73,60,255,0,0,0,255,0,0,0,255,0,0,0,255,0,0,0,255,0,0,0,255,0,0,2,255,1,0,0,255,0,0,0,255,0,0,0,255,0,0,0,255,78,76,65,255,75,71,59,255,130,125,110,255,210,205,191,255,250,247,235
,255,231,227,214,255,90,85,73,255,17,18,13,255,9,9,5,255,21,21,17,255,230,226,213,255,253,251,238,255,254,253,241,255,254,254,244,255,153,147,132,255,239,231,213,255,127,115,96,255,81,75,62,255,227,219,199,255,83,66,51,255,89,83
,69,255,176,166,145,255,71,5